01 1993 427.0  91.2  92.8  84.8  97.0  89.5 241.0 100.0
02 1993 428.7  91.8  93.4  85.0  97.0  89.8 241.6 103.4
03 1993 430.1  92.3  93.9  85.2  97.3  90.6 242.7 105.6
04 1993 431.2  93.3  94.2  85.3  98.0  90.8 243.7 108.0
05 1993 432.0  93.7  94.3  85.8  98.1  90.8 243.1 109.9
06 1993 432.4  93.6  94.2  85.7  98.0  90.9 242.3 111.5
07 1993 432.6  93.3  94.2  85.6  98.2  90.8 241.9 112.7
08 1993 433.9  93.7  94.6  85.7  98.5  90.6 242.3 115.3
09 1993 434.7  94.1  94.6  86.0  98.6  91.0 244.5 118.2
10 1993 436.4  94.0  94.7  86.2  98.5  91.0 245.2 120.4
11 1993 436.9  93.8  94.5  86.4  98.0  91.0 245.3 125.2
12 1993 436.8  94.0  94.6  86.2  98.1  90.9 244.3 132.3
01 1994 437.8  93.6  94.8  86.3  98.2  90.7 245.1 134.6
02 1994 439.3  94.1  95.1  86.6  98.2  91.0 245.9 136.1
03 1994 441.1  94.4  95.1  86.7  98.6  91.5 246.8 138.8
04 1994 441.4  95.2  95.2  87.0  98.8  91.6 247.8 142.9
05 1994 441.9  95.5  94.6  87.4  98.9  91.7 248.3 145.3
06 1994 443.3  95.5  94.8  87.5  98.5  91.9 248.4 148.6
07 1994 444.4  94.9  94.7  87.3  98.1  92.1 248.4 150.9
08 1994 446.4  95.4  95.1  87.7  98.5  92.1 248.5 153.4
09 1994 447.5  95.5  95.1  87.7  98.8  92.5 250.7 160.3
10 1994 448.0  95.4  95.1  87.9  99.3  92.6 251.0 165.0
11 1994 448.6  95.5  95.1  88.2  99.0  92.6 250.8 168.0
12 1994 448.4  95.9  95.0  88.1  98.7  92.6 250.4 171.2
01 1995 450.3  95.9  95.7  88.2  98.7  93.1 251.3 178.2
02 1995 452.0  96.3  96.6  88.6  98.4  93.4 252.3 181.9
03 1995 453.5  96.8  96.6  88.9  98.3  94.0 253.3 185.0
04 1995 455.0  97.4  96.7  89.1  98.6  94.0 255.0 189.3
05 1995 455.8  97.9  96.5  89.5  98.8  94.1 255.3 192.7
06 1995 456.7  97.9  96.7  89.3  98.7  94.4 255.1 194.6
07 1995 457.0  97.4  96.7  88.9  98.2  94.3 254.8 192.8
08 1995 458.0  97.9  97.0  89.1  98.3  94.1 254.5 193.6
09 1995 459.0  98.4  97.0  89.6  98.9  94.7 256.2 199.4
10 1995 460.3  98.2  96.9  89.6  98.6  94.6 256.9 203.0
11 1995 460.1  98.2  96.9  89.8  98.3  94.6 256.8 205.6
12 1995 459.9  98.8  96.9  89.8  98.3  94.6 256.0 208.7
01 1996 462.5  98.5  97.2  89.7  98.2  94.1 255.6 215.8
02 1996 464.2  98.9  97.3  90.2  98.0  94.2 255.8 219.1
03 1996 466.5  99.4  97.5  90.7  98.2  94.6 257.0 222.4
04 1996 468.2  99.9  97.6  90.9  98.8  95.0 257.6 227.2
05 1996 469.0 100.2  97.2  91.2  99.0  95.1 257.3 230.4
06 1996 469.5 100.3  97.4  91.1  98.7  95.2 256.3 232.7
07 1996 470.4  99.6  97.3  91.0  98.6  95.6 255.7 232.5
08 1996 471.1 100.2  97.5  91.1  98.5  95.5 254.5 233.7
09 1996 472.7 100.7  97.6  91.6  98.9  95.9 256.0 238.1
10 1996 474.1 100.6  97.8  91.8  99.1  96.3 255.9 241.4
11 1996 475.0 100.7  97.6  91.9  98.8  96.3 255.3 244.6
12 1996 475.0 101.0  97.7  91.8  98.9  96.2 254.9 247.8
01 1997 476.7 100.6  98.0  92.1  98.8  97.0 254.6 254.9
02 1997 478.2 100.8  98.2  92.1  98.6  97.3 254.2 257.7
03 1997 479.3 101.1  98.0  92.2  98.7  97.5 255.2 259.8
04 1997 479.7 101.4  98.1  92.5 100.7  97.4 257.0 262.4
05 1997 479.6 101.7  97.8  93.1 100.9  97.7 257.0 264.0
06 1997 480.2 102.0  97.9  93.3 100.9  97.9 257.4 267.9
07 1997 480.7 101.6  97.8  93.1 100.5  97.7 257.3 267.4
08 1997 481.6 102.2  98.0  93.5 100.6  97.7 257.4 267.7
09 1997 483.0 102.5  98.0  93.7 101.3  98.1 259.8 271.4
10 1997 484.1 102.5  98.0  93.7 101.6  98.3 259.6 274.4
11 1997 483.9 102.6  98.0  93.9 100.9  98.4 259.2 277.7
12 1997 483.2 102.7  98.0  93.8 100.7  98.5 259.1 280.5
01 1998 484.2 102.1  98.0  93.7 100.6  98.9 256.9 289.2
02 1998 484.9 102.4  98.1  94.1 100.5  99.3 256.6 294.1
03 1998 485.8 102.7  98.0  94.3 100.9  99.8 257.0 295.8
04 1998 486.8 103.3  98.1  94.5 101.1  99.9 257.7 297.9
05 1998 487.7 103.8  97.9  95.0 101.4  99.7 258.1 299.1
06 1998 488.2 103.7  98.0  94.9 101.0 100.0 257.6 300.3
07 1998 488.8 103.1  97.9  94.8 100.4 100.1 257.0 299.1
08 1998 489.6 103.5  98.1  94.9 100.3  99.8 255.7 297.3
09 1998 490.1 104.0  98.1  95.3 101.1 100.5 256.8 299.7
10 1998 491.3 103.9  98.0  95.3 101.8 100.6 257.3 301.5
11 1998 491.3 104.0  97.9  95.5 101.7 100.7 256.7 303.0
12 1998 491.0 104.3  97.9  95.4 101.3 100.8 256.2 304.2
01 1999 492.3 103.7  98.1  95.3 100.8 101.2 256.2 308.8
02 1999 492.9 103.9  98.4  96.0 100.4 101.4 256.3 310.6
03 1999 494.4 104.4  98.5  96.5 100.5 102.1 257.3 313.7
04 1999 497.8 104.9  98.7  96.7 101.0 102.4 257.9 316.2
05 1999 497.7 105.2  98.4  96.9 101.0 102.2 258.3 318.4
06 1999 497.9 105.1  98.6  97.2 100.7 102.3 258.7 319.1
07 1999 499.2 104.4  98.6  97.0 100.3 102.0 257.6 318.1
08 1999 500.7 104.8  99.1  97.5 100.6 101.7 257.6 320.0
09 1999 502.9 105.2  99.3  98.0 100.9 102.6 259.4 324.5
10 1999 503.9 105.1  99.3  98.1 101.1 103.1 259.7 328.1
11 1999 504.1 105.3  99.2  98.3 100.5 103.5 259.0 331.0
12 1999 504.1 105.5  99.5  98.4 100.2 103.6 259.6 334.0
01 2000 505.8 104.5  99.6  98.3 100.1 104.1 257.5 340.0
02 2000 508.7 104.9 100.0  98.9  99.8 104.6 258.7 343.1
03 2000 512.8 105.1 100.0  99.6 100.0 104.7 259.9 346.2
04 2000 513.2 105.5 100.0  99.7 100.2 105.1 260.0 347.6
05 2000 513.6 105.7 100.0 100.1 100.3 105.1 261.3 350.0
06 2000 516.5 105.9 100.4 100.4 100.1 105.7 261.2 352.8
07 2000 517.5 105.4 100.4 100.0  99.8 105.4 260.0 355.3
08 2000 517.6 105.4 100.2  99.8 100.1 105.3 260.2 354.2
09 2000 520.3 106.2 100.7 100.6 100.0 106.2 262.0 357.7
10 2000 521.2 106.1 100.6 100.8 100.0 106.3 262.6 360.6
11 2000 521.5 106.4 101.1 100.9  99.7 106.8 262.7 362.0
12 2000 521.1 106.4 101.0 100.8  99.8 106.7 262.5 362.8
01 2001 524.5 105.4 100.9 100.6  99.8 107.6 261.7 365.7
02 2001 526.7 105.7 100.8 101.3  99.5 108.4 262.6 366.0
03 2001 528.0 106.1 100.9 101.9  99.3 108.6 264.6 367.9
04 2001 529.9 106.7 101.2 102.4  99.5 109.1 266.9 370.8
05 2001 532.2 107.5 101.8 102.8  99.6 109.6 268.7 374.9
06 2001 533.3 107.7 102.0 102.7  99.3 109.7 268.3 374.5
07 2001 531.6 106.9 101.8 102.4  99.0 108.2 266.9 373.4
08 2001 531.8 107.3 101.2 102.4  99.4 108.1 267.6 372.3
09 2001 534.0 107.6 101.4 102.9  99.2 108.7 269.9 373.4
10 2001 532.2 107.4 101.2 103.0  99.2 108.6 269.1 374.9
11 2001 531.3 107.2 101.4 102.8  98.7 108.7 269.2 375.3
12 2001 529.2 107.5 101.3 103.0  98.6 108.9 269.5 376.0
01 2002 530.6 107.1 101.4 103.1  98.4 109.0 268.8 379.0
02 2002 532.7 107.3 101.4 103.8  97.9 109.3 269.4 379.4
03 2002 535.5 107.7 101.5 104.5  98.1 109.7 271.8 380.2
04 2002 538.6 108.1 102.3 104.9  98.4 109.7 272.9 382.1
05 2002 538.5 108.4 102.4 105.0  98.7 110.0 273.6 381.3
06 2002 538.9 108.4 102.3 105.0  98.6 110.1 273.2 379.8
07 2002 539.5 108.1 101.8 104.7  98.2 109.9 272.3 377.9
08 2002 541.2 108.4 101.7 104.8  98.5 109.6 272.4 376.4
09 2002 542.1 108.7 101.9 105.4  98.5 110.2 274.5 377.5
10 2002 543.2 108.9 102.5 105.6  98.3 110.6 275.4 378.6
11 2002 543.1 108.9 102.3 105.6  98.3 111.0 274.7 378.2
12 2002 541.9 109.3 102.2 105.6  98.3 111.9 275.1 378.6
01 2003 544.2 108.6 102.3 105.8  98.0 114.5 276.0 380.1
02 2003 548.5 109.0 102.4 106.8  97.7 114.6 278.4 380.5
03 2003 551.8 109.4 102.8 107.5  98.0 113.8 279.8 381.7
04 2003 550.5 109.7 103.0 107.5  98.3 112.9 278.8 382.4
05 2003 549.7 109.7 102.8 107.3  98.5 112.3 278.5 382.4
06 2003 550.4 109.6 102.9 107.3  98.2 112.0 277.7 382.0
07 2003 550.9 109.5 102.0 106.7  98.0 111.6 276.8 380.5
08 2003 553.0 109.9 102.3 106.6  98.2 111.9 276.7 379.0
09 2003 554.7 110.2 102.4 107.4  98.3 112.5 278.7 380.9
10 2003 554.3 110.4 102.9 107.1  98.3 112.4 278.9 383.2
11 2003 552.7 110.3 102.8 107.2  97.8 112.6 278.3 384.3
12 2003 552.1 110.7 102.8 107.1  97.9 112.6 278.6 385.1
01 2004 554.9 110.1 102.5 107.0  97.7 112.4 278.0 386.6
02 2004 557.9 110.4 102.5 107.8  97.7 112.6 277.3 387.0
03 2004 561.5 110.6 102.7 108.3  97.9 113.1 279.4 388.2
04 2004 563.2 111.0 103.6 108.4  97.9 113.3 279.4 391.3
05 2004 566.4 111.4 103.8 108.7  98.0 113.4 280.1 395.2
06 2004 568.2 111.3 104.0 108.5  98.2 113.4 278.9 398.7
07 2004 567.5 111.0 102.9 108.1  97.9 113.3 278.5 398.3
08 2004 567.6 111.3 103.3 107.9  98.0 113.0 278.2 396.8
09 2004 568.7 111.4 103.3 108.6  98.3 113.7 280.2 397.9
10 2004 571.9 111.7 104.3 108.9  98.8 114.0 281.0 400.3
11 2004 572.2 111.9 104.4 108.6  98.6 114.0 279.4 401.5
12 2004 570.1 112.5 104.2 108.4  98.1 113.8 279.4 401.9

01 1993 1.58900500 2.43532000 1.07537000 0.25465000 0.01270535 0.23094500 0.21921500
02 1993 1.63266000 2.35363500 1.07703000 0.25927000 0.01347965 0.23421000 0.21751000
03 1993 1.66153478 2.42098696 1.09173913 0.26244783 0.01418326 0.23696522 0.21454348
04 1993 1.65474762 2.55190952 1.13099048 0.26957143 0.01471167 0.24399048 0.22156667
05 1993 1.68240500 2.60710500 1.16129500 0.27261000 0.01523405 0.24752000 0.22959500
06 1993 1.73602857 2.62600000 1.18000476 0.27502381 0.01616262 0.24900952 0.23400000
07 1993 1.80065455 2.69810000 1.19010455 0.27167727 0.01672586 0.24698636 0.22696364
08 1993 1.85057727 2.76127273 1.23452727 0.26780000 0.01782650 0.25115000 0.22937727
09 1993 1.96546364 2.99467727 1.38260909 0.29508636 0.01865123 0.27722727 0.24495909
10 1993 2.00600000 3.01871905 1.39658095 0.30330000 0.01878948 0.28052381 0.25045714
11 1993 2.07596500 3.07380500 1.38627000 0.30681500 0.01925235 0.28100000 0.25149000
12 1993 2.10816087 3.14393913 1.44026957 0.31450870 0.01919887 0.28419565 0.25224348
01 1994 2.15963810 3.22064762 1.46687619 0.31895238 0.01936429 0.28750000 0.26524762
02 1994 2.19181500 3.24246000 1.50112000 0.32340500 0.02057225 0.29230500 0.27447000
03 1994 2.20052174 3.28090435 1.53811304 0.33153913 0.02091917 0.29923913 0.27776957
04 1994 2.24064500 3.31939500 1.55903500 0.33666500 0.02166155 0.30434000 0.28409000
05 1994 2.24948500 3.37985500 1.59022000 0.34642500 0.02166575 0.31278500 0.29136000
06 1994 2.26220952 3.44711429 1.64329048 0.35391429 0.02200233 0.31947619 0.28971429
07 1994 2.25502381 3.48566667 1.70207619 0.36544762 0.02288129 0.32835238 0.29084286
08 1994 2.28788182 3.52731818 1.73374091 0.36974091 0.02290300 0.33328182 0.29563182
09 1994 2.31144091 3.60933182 1.78679545 0.37769091 0.02337305 0.33941364 0.30638636
10 1994 2.31751500 3.71401000 1.83021000 0.38870500 0.02351100 0.34929500 0.31835500
11 1994 2.36598500 3.76127000 1.82823500 0.39292500 0.02414100 0.35189500 0.32206500
12 1994 2.43110952 3.78978571 1.82754286 0.39428095 0.02427881 0.35438571 0.32321429
01 1995 2.43335455 3.82701818 1.88637273 0.40274545 0.02438968 0.36276818 0.32583182
02 1995 2.44342000 3.84170000 1.92060000 0.41172500 0.02484765 0.37022000 0.33058500
03 1995 2.39334348 3.82419130 2.03412174 0.42362174 0.02630026 0.38049565 0.32892609
04 1995 2.39231053 3.84768421 2.10215789 0.43975789 0.02849463 0.38586842 0.32555263
05 1995 2.38988947 3.78952632 2.04226842 0.43305789 0.02811095 0.37936842 0.32734737
06 1995 2.34459524 3.73882381 2.02592381 0.42893810 0.02773533 0.37628571 0.32308571
07 1995 2.36635714 3.77386667 2.04641905 0.43730476 0.02712010 0.38329524 0.32968095
08 1995 2.44083333 3.82623333 2.04285714 0.43579048 0.02581805 0.38511905 0.33754286
09 1995 2.46238095 3.83525238 2.07112857 0.43439048 0.02453148 0.38466667 0.34486190
10 1995 2.44420455 3.85612727 2.13362273 0.44486818 0.02426009 0.39179545 0.35795000
11 1995 2.47428571 3.86508571 2.16486190 0.45057619 0.02430281 0.39585714 0.37522381
12 1995 2.51539474 3.87159474 2.16092105 0.45054737 0.02471379 0.39561053 0.37936842
01 1996 2.51170455 3.84362727 2.12985000 0.44436818 0.02378023 0.39149545 0.37348182
02 1996 2.54371429 3.90713333 2.12868095 0.44861429 0.02408467 0.39728571 0.36972381
03 1996 2.57566667 3.93354762 2.15373810 0.45126667 0.02432529 0.40068571 0.38260952
04 1996 2.62180952 3.97445238 2.15136667 0.45159048 0.02445448 0.40379524 0.39048571
05 1996 2.67547500 4.05816000 2.13011000 0.45181000 0.02509785 0.40672000 0.39379000
06 1996 2.71521053 4.18656842 2.16037895 0.46105789 0.02495063 0.41561579 0.40655789
07 1996 2.71484783 4.21912609 2.20300870 0.46815217 0.02485535 0.42099130 0.40885652
08 1996 2.72864286 4.22917619 2.26900476 0.47611905 0.02529771 0.42551905 0.41223333
09 1996 2.77819048 4.33217619 2.25561429 0.47890476 0.02528457 0.43018095 0.41845238
10 1996 2.81760870 4.46747391 2.23966087 0.48089130 0.02507743 0.43455652 0.42694348
11 1996 2.81692105 4.68993684 2.20906316 0.48510000 0.02509674 0.44308421 0.42468947
12 1996 2.85868421 4.75256842 2.15603158 0.48131053 0.02511963 0.44180000 0.41913158
01 1997 2.93404545 4.87126364 2.10996364 0.47973636 0.02489955 0.45508636 0.41582727
02 1997 3.02985000 4.92621500 2.08439000 0.47432000 0.02464970 0.45672000 0.40922500
03 1997 3.07917500 4.94824500 2.10324500 0.47603000 0.02510830 0.45269000 0.40224500
04 1997 3.12150000 5.08520455 2.13598636 0.47900455 0.02486332 0.44736364 0.40634091
05 1997 3.17065789 5.18079474 2.21868421 0.48909474 0.02680200 0.44853158 0.41369474
06 1997 3.23771429 5.32480000 2.24452381 0.49227619 0.02833748 0.44860476 0.41787619
07 1997 3.40017391 5.68312609 2.29532609 0.49826522 0.02952187 0.45673043 0.43525217
08 1997 3.48335000 5.58174500 2.30267500 0.49689500 0.02955475 0.45690000 0.43626000
09 1997 3.45829545 5.53329091 2.34873636 0.50762273 0.02864914 0.47264545 0.44893636
10 1997 3.42478261 5.58918696 2.36011304 0.51216087 0.02831422 0.48408696 0.45249130
11 1997 3.49872222 5.90390556 2.48469444 0.52995556 0.02793717 0.49513333 0.46214444
12 1997 3.52845238 5.85993810 2.45292381 0.52110952 0.02725581 0.48650952 0.45300952
01 1998 3.53195238 5.77702857 2.39467143 0.51052857 0.02727905 0.47115238 0.44065238
02 1998 3.53847500 5.80111500 2.41669000 0.51152500 0.02814700 0.46802000 0.43783500
03 1998 3.45909091 5.74704091 2.32395000 0.49685000 0.02682027 0.45612727 0.43414545
04 1998 3.41861905 5.71710000 2.27010476 0.49409048 0.02590743 0.45375238 0.43697619
05 1998 3.42077500 5.59897500 2.31534500 0.50593500 0.02534160 0.45915000 0.44457000
06 1998 3.47730952 5.74460476 2.32846190 0.50971429 0.02483781 0.45922857 0.43992381
07 1998 3.45782609 5.68432174 2.28462609 0.50467826 0.02458104 0.45353913 0.43274783
08 1998 3.57897619 5.84562381 2.39531905 0.52534762 0.02474386 0.46314762 0.44000476
09 1998 3.60061364 6.05072273 2.56850455 0.55547273 0.02675177 0.47530000 0.45564545
10 1998 3.49590909 5.92210909 2.61449091 0.56082727 0.02901023 0.47014091 0.44520000
11 1998 3.44842500 5.72991500 2.49206000 0.53940000 0.02868210 0.46284000 0.43151500
12 1998 3.48770455 5.82525455 2.56374091 0.54893636 0.02977418 0.45880455 0.43248182
01 1999 3.53400000 5.83501429 2.55558095 0.55125714 0.03122267 0.47373810 0.45103810
02 1999 3.79087500 6.17009000 2.65902000 0.57134000 0.03248895 0.49106500 0.47692000
03 1999 3.94776087 6.39925217 2.69200870 0.57787826 0.03300270 0.50496957 0.48047391
04 1999 3.99602381 6.43240476 2.66980952 0.57528571 0.03339738 0.51409524 0.47966190
05 1999 3.93357500 6.35063000 2.60997000 0.56245500 0.03220695 0.50778000 0.46587500
06 1999 3.94122381 6.29055714 2.56649048 0.55083333 0.03262286 0.50129524 0.46377143
07 1999 3.88114545 6.11160000 2.50489545 0.54011364 0.03244718 0.49129091 0.45952273
08 1999 3.95390000 6.34919091 2.62056364 0.56385909 0.03489427 0.50735455 0.47892273
09 1999 4.08600909 6.62904545 2.68004091 0.57742727 0.03817500 0.52163636 0.49707727
10 1999 4.10901429 6.81177143 2.76118571 0.59219048 0.03877905 0.53084762 0.50424286
11 1999 4.24410000 6.88928421 2.73386316 0.58986842 0.04052121 0.53541579 0.50831053
12 1999 4.17160909 6.73136818 2.63623636 0.56737727 0.04068277 0.52104545 0.49156364
01 2000 4.10118095 6.72716667 2.58604286 0.55922857 0.03905219 0.51224762 0.48420476
02 2000 4.14790476 6.64052857 2.54236667 0.54876667 0.03790843 0.50449524 0.48001429
03 2000 4.09236522 6.46526957 2.46193043 0.53047391 0.03841817 0.48686087 0.47072174
04 2000 4.22767368 6.69237368 2.54391579 0.53734737 0.04010884 0.49112632 0.48451053
05 2000 4.49177619 6.76000952 2.61728095 0.54653333 0.04150157 0.49645714 0.49412381
06 2000 4.39500476 6.63357143 2.67357619 0.55951429 0.04140267 0.50594286 0.50170476
07 2000 4.31631429 6.51381429 2.61836667 0.54440476 0.04001805 0.49658095 0.48301429
08 2000 4.35984091 6.48947273 2.54450000 0.52906364 0.04036668 0.48711364 0.46985000
09 2000 4.49358095 6.44290476 2.55972381 0.52477143 0.04208619 0.48753333 0.46538095
10 2000 4.63655000 6.73116818 2.62225000 0.53283182 0.04278000 0.49572727 0.46545909
11 2000 4.55428095 6.48682857 2.56302857 0.52299048 0.04179210 0.48748095 0.45165714
12 2000 4.32640000 6.32295789 2.56342105 0.52032632 0.03859742 0.47705263 0.44803158
01 2001 4.11304091 6.08320909 2.52641364 0.51743636 0.03522568 0.46889545 0.43400909
02 2001 4.09005000 5.94703000 2.45491500 0.50525500 0.03519530 0.45926500 0.42027500
03 2001 4.06294091 5.87481364 2.40731364 0.49530000 0.03350432 0.45303636 0.40501818
04 2001 4.02363000 5.77372500 2.34983500 0.48128500 0.03253315 0.44279500 0.39449500
05 2001 3.98549048 5.67853333 2.27123810 0.46665714 0.03275852 0.43573810 0.38456190
06 2001 3.97027500 5.56960500 2.22765000 0.45495000 0.03250165 0.42735500 0.36856500
07 2001 4.19220909 5.92432727 2.38318636 0.48442273 0.03365473 0.45242273 0.38933182
08 2001 4.24549091 6.10127273 2.52425455 0.51341818 0.03494227 0.47465455 0.41057727
09 2001 4.22132500 6.17172000 2.57862000 0.51672000 0.03552270 0.48082000 0.39719000
10 2001 4.13653913 6.00562174 2.53326087 0.50408261 0.03410630 0.46879130 0.39128261
11 2001 4.09118571 5.87350952 2.47607619 0.48777619 0.03341667 0.45859524 0.38613333
12 2001 4.01551579 5.78229474 2.43185789 0.48188947 0.03157289 0.44853158 0.38035789
01 2002 4.06086818 5.81707727 2.43460909 0.48295909 0.03063805 0.45311364 0.38880455
02 2002 4.18668500 5.95613000 2.46522500 0.49027500 0.03134145 0.46773500 0.39667000
03 2002 4.13910952 5.88827143 2.46971905 0.48784762 0.03156395 0.46964762 0.40036667
04 2002 4.05718571 5.85305714 2.45136190 0.48346667 0.03102033 0.47119524 0.39347619
05 2002 4.05035500 5.91184500 2.55019500 0.49942000 0.03203620 0.49372000 0.40260000
06 2002 4.02503500 5.97105500 2.61284000 0.51736000 0.03262280 0.51915500 0.42183000
07 2002 4.11797826 6.39705652 2.79347391 0.54985652 0.03486674 0.55133478 0.44060435
08 2002 4.17545714 6.41525238 2.78856190 0.54940952 0.03503510 0.54895714 0.44103333
09 2002 4.14990000 6.45374762 2.77728095 0.54792857 0.03437519 0.55276667 0.44394762
10 2002 4.12123913 6.41732174 2.76071739 0.54434348 0.03327270 0.55114348 0.44428696
11 2002 3.94958421 6.20805263 2.69475263 0.53252105 0.03248095 0.54033684 0.43560526
12 2002 3.91362000 6.20867500 2.71609000 0.53691500 0.03209170 0.54624000 0.43822500
01 2003 3.83080455 6.19188636 2.78335909 0.54753182 0.03225823 0.55484545 0.44345000
02 2003 3.86661500 6.22494500 2.83869500 0.56043500 0.03239840 0.55213500 0.45524000
03 2003 4.00952381 6.34563333 2.95049524 0.58354762 0.03380876 0.55259048 0.47006667
04 2003 3.96329048 6.23755238 2.87590952 0.57934286 0.03306495 0.54931905 0.46989524
05 2003 3.74141905 6.07253810 2.85650476 0.58309524 0.03191119 0.54980952 0.47294762
06 2003 3.79914000 6.30721500 2.88101500 0.59738500 0.03211645 0.54319500 0.48662000
07 2003 3.90358696 6.34124783 2.86944348 0.59727826 0.03289848 0.53529565 0.48309130
08 2003 3.91861000 6.24604500 2.83478000 0.58749500 0.03299220 0.52853000 0.47278000
09 2003 3.97919091 6.40929091 2.88578636 0.60116364 0.03461414 0.54450455 0.49235909
10 2003 3.92399130 6.57990870 2.96593043 0.61799130 0.03582978 0.55784348 0.50980435
11 2003 3.94432105 6.66552632 2.96480000 0.62113684 0.03609200 0.56351053 0.51368421
12 2003 3.79282857 6.63036667 2.99500476 0.62581905 0.03517514 0.56545238 0.51619048
01 2004 3.73528571 6.80170952 3.00886190 0.63260476 0.03512048 0.54816190 0.51563810
02 2004 3.83630500 7.16329500 3.08376000 0.65115500 0.03600085 0.55288500 0.52867000
03 2004 3.88629565 7.10110000 3.04274348 0.63996522 0.03580800 0.55805217 0.51637391
04 2004 3.96759048 7.15707619 3.06155238 0.63938095 0.03689838 0.57319524 0.51910000
05 2004 3.92879500 7.02794000 3.06693500 0.63460500 0.03506825 0.57513500 0.51732500
06 2004 3.78170952 6.91161429 3.02226667 0.61764286 0.03456671 0.55383333 0.50219048
07 2004 3.64120909 6.70628636 2.92636818 0.60093636 0.03330659 0.52727273 0.48586818
08 2004 3.63978636 6.62393636 2.88181364 0.59610000 0.03296518 0.53187727 0.48235000
09 2004 3.58118182 6.42034545 2.83487273 0.58810455 0.03253709 0.52316818 0.48110000
10 2004 3.45834286 6.24698571 2.80031429 0.58080952 0.03175381 0.52458095 0.47688095
11 2004 3.27700500 6.09379000 2.79783000 0.57287000 0.03129945 0.52312500 0.47328000
12 2004 3.08631739 5.95628696 2.69464783 0.55668261 0.02973478 0.50332174 0.46084348

Explanations.

The upper table contains consumer price indexes. Counting from the left,
the columns contain indexes for the following currencies.

1) USD, 1967 = 100. Source: Bureau of Labor Statistics, www.bls.gov, 23
XII 2004 (label of the series: CUUR0000AA0).

2) GBP, 1996 = 100. Source: National Statistics, www.statistics.gov.uk,
23 XII 2004 (label of the series: CHVJ).

3) CHF, May 2000 = 100. Source: Bundesamt f\"{u}r Statistik (BFS),
Website Statistik Schweiz, www.bfs.admin.ch, 26 XII 2004 (the file "LIK
2000.xls").

4) DKK, 2000 = 100. Source: Statistics Denmark - statbank.dk,
http://www.statbank.dk/, 27 XII 2004 (label of the series: PRIS12).

5) JPY, 2000 = 100. Source: Statistics Bureau, http://www.stat.go.jp/,
27 and 30 XII 2004 (the file a001hh.xls, Japan and Ku-area of Tokyo -
monthly figures).

6) NOK, 1998 = 100. Source: Statistics Norway, http://www.ssb.no/, 27
XII 2004 (table 7, the Norwegian consumer price index by month).

7) SEK, 1998 = 100. Source: Statistics Sweden, http://www.scb.se/, 27
XII 2004 (CPI, Fixed Index Numbers).

8) PLN, January 1993 = 100. Source: Glowny Urzad Statystyczny,
www.stat.gov.pl, 23 XII 2004 (label of the series: wsk_mies).

The lower table contains average month exchange rates of NBP. Each
figure is a price of one unit of a currency expressed in PLN. The
columns correspond to the columns 1 - 7 of the upper table. Source:
calculated on the base of average rates (table A), NBP, www.nbp.pl, 23
XII 2004 (files 1993.xls, 1994.xls, ..., 2004.xls).

In both tables, the two left columns contain month and year of each
observation.

The data for December 2004 were collected from the same sources on 4
February 2005.
